35
DSC_0504.JPG
0.999668 0.025080 -0.005855
-0.025135 0.999639 -0.009521
0.005614 0.009665 0.999938
0.000000 0.000000 0.000000
2393.952166 932.382177 628.264995
-1.000000 -1.000000 2.000000 -1.000000 -1.000000 -1.000000
DSC_0505.JPG
0.999993 -0.000250 -0.003745
0.000248 1.000000 -0.000551
0.003745 0.000550 0.999993
-0.319349 -0.104783 -0.481940
2393.952166 932.382177 628.264995
-1.000000 -1.000000 3.000000 -1.000000 -1.000000 1.000000
DSC_0506.JPG
0.998572 0.031935 0.042824
-0.033343 0.998913 0.032577
-0.041737 -0.033959 0.998551
-0.792421 -0.229174 -1.044379
2393.952166 932.382177 628.264995
-1.000000 -1.000000 4.000000 -1.000000 -1.000000 2.000000
DSC_0507.JPG
0.998694 0.033877 0.038236
-0.034550 0.999257 0.017084
-0.037628 -0.018383 0.999123
-1.214797 -0.335363 -1.567670
2393.952166 932.382177 628.264995
-1.000000 -1.000000 5.000000 -1.000000 -1.000000 3.000000
DSC_0508.JPG
0.064633 -0.997863 -0.009554
0.995905 0.063894 0.063955
-0.063207 -0.013649 0.997907
0.390789 -1.663390 -2.092491
2393.952166 932.382177 628.264995
-1.000000 -1.000000 6.000000 -1.000000 -1.000000 4.000000
DSC_0509.JPG
0.070351 -0.997158 0.026974
0.989727 0.073149 0.122837
-0.124461 0.018055 0.992060
0.386137 -2.378225 -2.567083
2393.952166 932.382177 628.264995
-1.000000 -1.000000 7.000000 -1.000000 5.000000 -1.000000
DSC_0510.JPG
0.082413 -0.996354 0.022082
0.983465 0.084892 0.159966
-0.161257 0.008533 0.986875
0.486173 -3.128685 -3.126900
2393.952166 932.382177 628.264995
-1.000000 -1.000000 -1.000000 -1.000000 -1.000000 6.000000
DSC_0511.JPG
0.083598 -0.996392 0.014660
0.972848 0.084791 0.215352
-0.215818 -0.003741 0.976426
0.638896 -4.136966 -3.638118
2393.952166 932.382177 628.264995
-1.000000 9.000000 -1.000000 -1.000000 -1.000000 -1.000000
DSC_0512.JPG
0.094289 -0.995155 -0.027851
0.960123 0.083503 0.266816
-0.263198 -0.051898 0.963345
0.936099 -5.070921 -3.962939
2393.952166 932.382177 628.264995
-1.000000 10.000000 -1.000000 -1.000000 8.000000 -1.000000
DSC_0513.JPG
0.118828 -0.991521 -0.052598
0.948751 0.097760 0.300524
-0.292834 -0.085613 0.952323
1.122316 -5.970693 -4.340456
2393.952166 932.382177 628.264995
-1.000000 11.000000 -1.000000 -1.000000 9.000000 -1.000000
DSC_0514.JPG
0.135089 -0.990545 -0.023930
0.919727 0.116373 0.374913
-0.368583 -0.072655 0.926751
0.987411 -7.144500 -4.324095
2393.952166 932.382177 628.264995
-1.000000 12.000000 -1.000000 -1.000000 10.000000 -1.000000
DSC_0515.JPG
0.151828 -0.988157 -0.022243
0.892088 0.127308 0.433557
-0.425591 -0.085669 0.900852
0.942884 -8.268206 -4.142920
2393.952166 932.382177 628.264995
-1.000000 13.000000 -1.000000 -1.000000 11.000000 -1.000000
DSC_0516.JPG
0.163401 -0.986531 -0.007532
0.862218 0.139092 0.487066
-0.479458 -0.086081 0.873333
0.827394 -9.312054 -3.896900
2393.952166 932.382177 628.264995
-1.000000 14.000000 -1.000000 -1.000000 12.000000 -1.000000
DSC_0517.JPG
0.180642 -0.983526 -0.006689
0.840337 0.150802 0.520666
-0.511080 -0.099675 0.853734
0.749028 -10.002849 -3.700852
2393.952166 932.382177 628.264995
-1.000000 -1.000000 -1.000000 -1.000000 13.000000 -1.000000
DSC_0518.JPG
0.187187 -0.982285 0.008752
0.808607 0.159137 0.566418
-0.557777 -0.098950 0.824072
0.697294 -11.106580 -3.620197
2393.952166 932.382177 628.264995
-1.000000 16.000000 -1.000000 -1.000000 -1.000000 -1.000000
DSC_0519.JPG
0.200357 -0.979454 0.022968
0.752647 0.168885 0.636396
-0.627200 -0.110219 0.771020
0.416708 -12.112642 -2.492980
2393.952166 932.382177 628.264995
-1.000000 17.000000 -1.000000 -1.000000 15.000000 -1.000000
DSC_0520.JPG
0.203072 -0.978800 0.026686
0.715413 0.166925 0.678470
-0.668541 -0.118686 0.734144
0.377103 -12.922721 -1.911478
2393.952166 932.382177 628.264995
-1.000000 18.000000 -1.000000 -1.000000 16.000000 -1.000000
DSC_0521.JPG
0.214405 -0.976002 0.038082
0.687630 0.178516 0.703773
-0.693683 -0.124706 0.709403
0.178944 -13.552955 -1.508505
2393.952166 932.382177 628.264995
-1.000000 19.000000 -1.000000 -1.000000 17.000000 -1.000000
DSC_0522.JPG
0.216931 -0.974909 0.049925
0.628264 0.178575 0.757229
-0.747145 -0.132900 0.651239
-0.024768 -14.518505 -0.387500
2393.952166 932.382177 628.264995
-1.000000 20.000000 -1.000000 -1.000000 18.000000 -1.000000
DSC_0523.JPG
0.216842 -0.973732 0.069461
0.570645 0.184165 0.800280
-0.792050 -0.133897 0.595590
-0.267250 -15.446288 0.781173
2393.952166 932.382177 628.264995
-1.000000 21.000000 -1.000000 -1.000000 19.000000 -1.000000
DSC_0524.JPG
0.215437 -0.972427 0.089290
0.527005 0.192757 0.827714
-0.822102 -0.131264 0.554001
-0.435943 -15.974462 1.576906
2393.952166 932.382177 628.264995
-1.000000 -1.000000 -1.000000 -1.000000 20.000000 -1.000000
DSC_0525.JPG
0.236073 -0.966269 0.102927
0.434743 0.199751 0.878122
-0.869062 -0.162554 0.467235
-0.826390 -16.887702 3.216419
2393.952166 932.382177 628.264995
-1.000000 23.000000 -1.000000 -1.000000 -1.000000 -1.000000
DSC_0526.JPG
0.249425 -0.961090 0.118716
0.368949 0.207657 0.905956
-0.895357 -0.182168 0.406387
-1.220919 -17.454770 4.477067
2393.952166 932.382177 628.264995
-1.000000 24.000000 -1.000000 -1.000000 22.000000 -1.000000
DSC_0527.JPG
0.254071 -0.957508 0.136477
0.295468 0.211202 0.931715
-0.920949 -0.196397 0.336573
-1.621630 -17.829224 6.134768
2393.952166 932.382177 628.264995
-1.000000 25.000000 -1.000000 -1.000000 23.000000 -1.000000
DSC_0528.JPG
0.247331 -0.956882 0.152327
0.232343 0.211196 0.949428
-0.940662 -0.199431 0.274560
-1.849106 -18.124344 7.607401
2393.952166 932.382177 628.264995
-1.000000 26.000000 -1.000000 -1.000000 24.000000 -1.000000
DSC_0529.JPG
0.277601 -0.948365 0.153430
0.188444 0.210358 0.959291
-0.942033 -0.237387 0.237110
-2.375221 -18.476212 8.721300
2393.952166 932.382177 628.264995
-1.000000 27.000000 -1.000000 -1.000000 25.000000 -1.000000
DSC_0530.JPG
0.291640 -0.943132 0.159527
0.110899 0.198992 0.973706
-0.950078 -0.266280 0.162626
-2.746418 -18.428802 10.439440
2393.952166 932.382177 628.264995
-1.000000 28.000000 -1.000000 -1.000000 26.000000 -1.000000
DSC_0531.JPG
0.284427 -0.942778 0.173986
0.071438 0.201819 0.976814
-0.956032 -0.265403 0.124753
-2.957825 -18.741310 11.446386
2393.952166 932.382177 628.264995
-1.000000 29.000000 -1.000000 -1.000000 27.000000 -1.000000
DSC_0532.JPG
0.298541 -0.933844 0.196999
0.025040 0.214005 0.976512
-0.954068 -0.286596 0.087272
-3.710215 -18.710377 12.571295
2393.952166 932.382177 628.264995
-1.000000 30.000000 -1.000000 -1.000000 28.000000 -1.000000
DSC_0533.JPG
0.246030 -0.945801 0.211966
-0.032732 0.210456 0.977055
-0.968709 -0.247323 0.020821
-3.305438 -18.458962 14.265989
2393.952166 932.382177 628.264995
-1.000000 -1.000000 -1.000000 -1.000000 29.000000 31.000000
DSC_0534.JPG
-0.060385 0.206097 0.976667
-0.249819 0.944192 -0.214690
-0.966408 -0.256954 -0.005528
-18.696004 3.561309 15.464634
2393.952166 932.382177 628.264995
32.000000 -1.000000 30.000000 -1.000000 -1.000000 -1.000000
DSC_0535.JPG
-0.100010 0.193189 0.976051
-0.251025 0.944338 -0.212633
-0.962800 -0.266279 -0.045948
-18.640805 3.660648 16.799364
2393.952166 932.382177 628.264995
-1.000000 -1.000000 -1.000000 31.000000 -1.000000 33.000000
DSC_0536.JPG
-0.131815 0.212940 0.968133
-0.245716 0.939156 -0.240022
-0.960338 -0.269524 -0.071472
-18.662313 4.309202 17.959225
2393.952166 932.382177 628.264995
34.000000 -1.000000 32.000000 -1.000000 -1.000000 -1.000000
DSC_0537.JPG
-0.198270 0.203331 0.958825
-0.248184 0.935951 -0.249801
-0.948205 -0.287493 -0.135107
-18.050654 4.698669 19.797591
2393.952166 932.382177 628.264995
-1.000000 -1.000000 -1.000000 33.000000 -1.000000 35.000000
DSC_0538.JPG
-0.208828 0.211088 0.954899
-0.238126 0.936064 -0.259000
-0.948518 -0.281472 -0.145211
-18.402880 4.875762 20.580473
2393.952166 932.382177 628.264995
-1.000000 -1.000000 34.000000 -1.000000 -1.000000 -1.000000

12003
0.328534 -0.848998 18.025396
172 175 177
1.067941 1.077756 18.283838
27 26 28
0.275669 0.795794 16.984608
24 24 26
-0.396795 -0.091389 16.739642
28 28 30
-0.479385 0.708336 16.623202
17 19 22
-1.357916 0.022579 15.719350
165 165 163
1.920059 1.328249 19.300662
15 16 19
1.240611 -0.098928 18.245837
156 152 146
1.240611 -0.098928 18.245837
156 152 146
-0.016296 -0.459059 16.853099
167 174 180
-0.188701 -0.974032 17.468816
84 87 89
-1.146907 0.513130 16.524928
20 20 23
-1.767207 0.375908 15.640710
55 55 58
-1.755762 -0.315799 15.670060
29 29 30
-3.184712 -3.625493 19.642113
23 33 45
2.564856 3.515494 20.603209
64 62 63
2.748287 1.273088 21.421817
169 170 171
2.634256 1.682118 20.943956
19 20 24
-0.762624 -0.473764 16.783358
167 171 175
0.586551 1.297670 17.775074
135 137 139
-1.121817 3.514096 15.926531
46 48 51
1.843917 0.261711 19.442288
177 172 162
1.846256 0.262997 19.469503
177 171 159
1.648034 0.940623 18.822724
168 168 171
1.175671 3.027467 18.676051
18 18 20
0.973150 -1.212206 19.741650
58 55 53
0.873875 -1.513238 19.483019
144 148 150
0.873875 -1.513238 19.483019
144 148 150
0.240365 -1.856359 18.865965
71 76 78
0.350205 -0.191865 17.421297
170 167 156
-0.656107 -1.701272 17.628019
58 54 52
-0.644712 0.432692 16.716669
76 78 77
-1.320751 0.701476 16.501116
111 100 91
-1.989725 0.957353 15.495077
113 108 103
1.209556 2.799184 18.423778
183 186 190
1.299628 -1.343738 20.468779
150 148 146
0.773654 -0.217683 17.937149
166 160 149
0.642661 0.619327 17.395271
136 134 131
0.055375 -1.707939 18.650433
147 150 148
-0.022562 -0.245073 16.569832
100 98 94
-0.337305 0.162668 16.778800
90 92 95
-1.224804 2.200184 16.118065
149 146 145
-1.336302 2.076899 16.125277
70 70 73
-1.451298 2.641539 15.883989
114 104 95
-2.818200 -2.818577 19.303163
120 136 147
2.315055 0.868338 19.922483
152 147 139
1.122993 2.633006 18.404227
114 113 113
0.043939 -2.286141 19.049559
25 29 37
0.049583 0.421953 16.777625
151 148 146
-0.627120 -2.692323 18.374203
20 33 50
-0.883046 -1.643039 17.229811
157 149 140
-1.348770 2.308002 16.071079
33 32 31
-1.192042 0.252097 16.128001
163 163 162
-2.690265 -3.598251 19.439892
33 43 56
2.000459 3.148884 19.407585
28 25 25
1.567528 4.146295 18.206839
134 135 137
1.040304 -2.169288 20.525051
20 33 49
0.324958 2.526160 17.173932
176 177 179
0.323894 -2.104599 19.130765
151 164 176
0.144769 -2.420762 19.108474
149 154 158
0.052730 -0.114161 16.647951
22 23 26
-0.533765 -0.596280 17.102853
80 80 77
-0.675192 -1.128092 17.582385
185 188 191
-0.772307 -2.851305 18.290646
142 161 180
-0.880010 -1.084903 16.936806
22 25 29
-1.199032 2.111764 16.142701
152 146 139
-1.380246 0.370863 15.720142
29 27 29
-1.605757 -0.901512 15.857254
36 39 42
-1.823698 -0.505578 15.582460
44 45 46
-1.957368 -0.468925 15.457691
167 169 172
3.470472 2.389466 22.769735
65 61 60
2.544878 0.648031 19.926352
30 31 33
2.404414 0.408614 19.833994
40 40 42
1.870964 -1.365002 21.262367
57 63 67
1.630708 -0.068088 19.011803
161 154 141
1.577857 0.150048 18.603928
44 44 44
1.267640 -1.919981 20.829755
122 138 154
1.109620 1.431833 19.360121
32 30 31
0.984742 -0.391110 18.214504
47 44 43
0.355394 -2.473166 19.544397
193 211 224
0.131482 -1.852269 18.742710
52 53 56
0.065710 -1.796311 18.628192
157 156 156
-0.056957 0.727585 16.756903
129 130 129
-0.648911 -4.188220 21.373652
133 161 187
-0.769974 -4.224378 21.165771
138 171 201
-0.459345 -2.146417 18.298021
125 147 167
-0.498383 -1.479520 17.878935
46 44 42
-0.541342 -1.592676 17.933056
140 129 117
-0.804535 -3.287793 18.731595
145 175 204
-0.667373 -0.375587 16.958146
147 152 158
-0.749422 0.450237 16.599360
56 57 58
-0.808664 -1.247016 17.027419
141 153 165
-1.359267 -3.304834 18.633269
108 156 196
-0.947122 -0.293391 16.173398
168 167 164
-1.262120 3.806840 15.858861
44 48 55
-1.066303 -0.328113 16.021444
150 146 140
-1.463513 0.792736 16.270877
123 111 102
-1.471539 0.791315 16.296432
122 111 103
-1.307871 -0.402878 15.712973
152 150 144
-1.448986 0.237525 15.647833
60 61 64
-2.023836 3.383917 14.858048
138 138 138
-1.968775 -0.556559 15.404662
76 73 70
-2.087297 -0.503851 15.346193
166 165 165
3.154497 1.014105 21.616362
30 31 33
3.015711 2.115599 21.963700
39 36 36
2.386593 0.517604 19.643791
161 164 164
1.959394 4.512664 19.202670
36 38 43
2.257622 0.486341 19.503816
169 169 165
1.682546 2.739290 18.983634
52 50 51
1.526049 0.083345 18.622616
51 57 64
1.247012 0.124292 18.327262
66 68 71
1.200927 -0.715990 18.301467
192 196 197
0.852898 -1.972156 19.707040
32 41 49
0.771987 -1.572098 19.462893
167 173 178
0.642326 -2.080050 19.653257
132 144 153
0.642973 -0.288329 17.735955
32 32 34
0.428513 -1.671794 19.058429
160 171 180
0.419892 -0.166797 17.509732
164 160 152
0.235234 -2.072114 19.055895
53 64 69
-0.138230 0.563119 16.495045
27 29 31
-0.946179 3.774092 15.486973
117 120 123
-1.355675 3.802300 15.820482
73 77 81
-1.339257 3.083839 15.939152
111 101 93
-1.680571 -2.502375 18.357537
66 94 122
-2.778053 -4.557138 22.029867
200 242 255
-2.846444 -3.600639 19.231955
18 26 38
-3.128498 -2.033469 19.162850
65 74 80
3.411261 2.437233 22.705578
173 171 171
2.924095 2.235113 21.488868
147 147 144
2.045003 4.451526 18.960291
57 60 69
1.998933 -1.233269 21.304530
83 83 87
1.831278 -1.276379 21.062081
141 151 160
1.790899 0.050802 19.313288
50 48 49
1.589821 -0.151291 19.052851
52 50 48
1.307018 -1.441369 20.309431
138 146 156
1.224886 -1.477129 20.260107
142 150 157
1.083343 -1.755221 20.296728
124 140 156
0.691924 0.718047 17.591541
45 47 52
0.627662 -2.391559 19.816626
170 178 184
0.587672 -2.035156 19.552897
29 37 47
0.574568 -1.856236 19.317212
150 154 158
0.563545 -1.775953 19.276407
160 166 171
0.530693 -1.623536 19.168888
175 184 192
0.586328 -0.195269 17.650450
162 157 150
0.364255 -2.045758 19.161225
158 169 178
0.101218 -1.930634 18.689198
132 136 138
-0.012002 -2.465343 19.147557
104 143 181
0.027440 -2.016813 18.713531
33 43 51
0.005125 -1.891868 18.631758
25 34 37
0.001892 -1.792894 18.596059
34 40 48
-0.047948 -1.864303 18.576298
106 116 128
0.077948 -0.261419 16.731316
28 30 34
0.019354 -0.269036 16.572881
186 188 187
-0.600762 -2.103058 18.011882
61 64 68
-0.722205 -2.362810 18.188171
77 90 109
-0.811858 -1.373433 17.003010
54 64 73
-0.856573 -0.949681 16.925520
141 164 181
-0.869128 -0.676227 16.717185
59 57 56
-0.879298 0.383777 16.391815
48 47 48
-1.008486 -2.180236 17.480340
30 40 54
-1.168089 -2.479724 17.881183
58 85 113
-1.216878 -2.723606 18.067336
64 93 125
-1.225447 -2.207299 17.750889
73 95 118
-1.501062 -2.998006 18.335953
88 111 136
-1.461062 -2.890214 18.190914
16 30 47
-1.388425 1.949137 16.233157
81 81 82
-1.410543 2.771302 16.060365
34 31 32
-1.723983 -2.691035 18.419409
48 67 90
-1.563941 3.508765 15.829478
51 62 71
-1.571479 -1.445704 16.039090
22 31 41
-1.515880 -0.473586 15.439536
197 196 191
-2.832122 -3.547122 19.293203
148 150 151
-2.951437 -3.328194 19.353668
99 125 150
-2.951437 -3.328194 19.353668
99 125 150
-2.977343 -2.378252 19.114780
109 128 143
-3.167376 -3.189032 19.405963
26 42 58
-2.031510 1.675148 15.294966
145 136 128
-2.072538 1.653345 15.298407
77 79 82
-3.295519 -3.249417 19.540236
111 137 161
-3.295519 -3.249417 19.540236
111 137 161
-2.095355 2.857352 15.030783
51 55 58
-3.342002 -3.146647 19.617301
68 87 104
-2.204527 -0.887891 15.720541
29 40 48
3.511446 4.035053 22.761638
167 161 154
3.520677 2.458024 22.779812
142 136 128
3.335976 1.190118 22.513488
28 25 27
2.887901 -0.141211 21.907442
86 96 107
2.805518 0.222707 21.764705
58 65 76
2.528120 0.480911 19.861802
30 31 36
1.877225 -1.437568 21.323082
197 236 250
1.549601 0.993874 18.669735
150 154 158
1.472011 -2.012078 21.195960
149 164 181
1.478504 -2.113975 21.140946
159 184 205
1.463302 -0.093327 18.687003
179 183 185
1.436290 -0.164534 18.683124
167 167 164
1.400713 -1.939258 20.964079
120 143 169
1.407250 -0.347912 18.743860
64 54 47
1.329468 -2.018191 20.864639
130 146 161
1.344316 -0.077854 18.621082
73 65 57
1.308510 -0.069992 18.581455
165 165 162
1.295802 0.086967 18.461829
163 164 163
1.350228 -0.803629 18.493495
113 110 106
1.183889 -1.431228 20.168837
76 77 80
1.186624 -2.434733 20.720724
103 125 149
1.198820 0.123060 18.114042
81 79 77
1.176930 -0.570744 18.567761
71 59 48
0.799160 3.964870 18.472366
55 60 77
0.799160 3.964870 18.472366
55 60 77
1.153750 0.152317 18.047873
191 191 188
1.097785 -2.511582 20.837475
126 161 191
0.887055 -1.132143 19.754496
158 150 140
0.935144 -0.144005 18.033871
57 57 58
0.660743 -1.681440 19.348171
46 55 67
0.718072 0.020082 17.446441
193 192 186
0.523357 -2.429917 19.714847
131 150 169
0.648537 0.003436 17.372126
170 169 165
0.569980 0.637741 17.388475
48 50 51
0.507972 -1.750298 19.159092
153 161 167
0.476651 -2.737927 19.734728
199 215 229
0.404463 2.348692 17.178600
71 71 73
0.546860 -0.208244 17.582442
54 55 57
0.538579 -0.258904 17.592000
143 135 123
0.510720 -0.189463 17.569258
167 162 151
0.376393 -2.538435 19.529783
46 62 89
0.383230 -1.885082 19.078719
150 160 166
0.377940 -1.740359 18.983731
158 167 175
0.374114 -1.923559 19.044957
47 52 62
0.360357 -1.839066 19.004885
47 53 62
0.325041 -2.400326 19.261128
47 50 57
0.311476 -1.829035 18.941497
117 121 123
0.236968 -2.222840 19.138636
123 134 142
0.175407 -1.913740 18.805236
121 129 133
0.053319 -1.947104 18.633947
146 149 152
-0.036677 -2.110704 18.890508
20 42 69
0.040633 -0.184412 16.638088
176 181 181
-0.554033 -4.133397 21.290695
138 163 184
-0.167817 0.644177 16.598247
35 36 40
-0.306207 0.498101 16.604470
31 33 37
-1.007827 -4.535700 21.197114
116 133 153
-0.608850 0.309956 16.838976
47 47 46
-0.608419 0.568510 16.713715
97 103 109
-0.801511 -1.425585 17.045626
161 169 174
-0.947526 -0.652338 16.706622
26 30 36
-0.945107 -0.527458 16.656137
59 63 68
-1.009054 -1.888339 17.216139
100 108 112
-1.303778 -2.984909 18.291813
14 35 60
-1.314319 3.663363 15.859714
71 63 60
-1.474321 -2.796818 18.236820
55 73 95
-1.334871 1.445567 16.337887
150 133 121
-1.770825 -2.657730 18.414653
13 28 48
-1.427158 0.725223 16.279592
40 33 29
-1.455554 0.529753 15.649715
41 45 46
-1.474063 0.405686 15.618395
31 32 33
-1.475176 0.229627 15.608460
54 57 59
-1.538722 -1.145851 16.028298
104 103 106
-1.538722 -1.145851 16.028298
104 103 106
-1.519176 -0.611809 15.814340
148 156 162
-1.558041 -0.623059 15.780071
143 150 156
-1.753185 -0.860011 15.967249
58 58 60
-1.676383 -0.457983 15.532907
110 113 113
-2.898610 -3.515586 19.319804
34 44 58
-2.882640 -3.245053 19.197361
31 45 60
-1.825821 -0.526859 15.612748
36 38 41
-1.980530 -0.824602 16.060680
14 21 31
-1.960081 -0.760462 15.995408
45 59 72
-1.988324 -0.739879 15.963733
122 128 134
-2.008388 2.499119 15.236950
69 68 68
-3.019542 -3.271155 19.294722
98 123 144
-3.043301 -3.288845 19.351186
98 121 141
-2.000496 1.859157 15.332780
60 56 53
-3.076910 -3.224876 19.353840
40 57 74
-3.134055 -3.274385 19.419068
103 129 153
-3.131509 -2.605883 19.265240
139 176 202
-2.045567 -0.759944 15.916346
137 139 142
-3.234787 -2.484896 19.294952
118 147 166
-2.066735 3.427901 14.868021
42 38 35
-3.277029 -2.775720 19.431747
17 52 95
-3.291347 -2.784787 19.472636
17 56 98
-2.110734 -0.866758 15.853937
19 28 38
-2.091366 -0.325954 15.573625
81 78 74
2.996380 1.180504 21.883703
155 148 141
2.864294 0.375715 21.614305
146 159 169
2.176601 4.517702 18.874520
75 87 99
2.419353 0.940504 19.985375
74 67 60
2.131769 1.497694 19.665723
30 32 37
0.915573 -1.176317 19.811188
76 70 64
0.547246 3.991888 16.586985
140 142 143
0.565549 -1.490579 19.081409
102 96 92
0.533696 -1.724632 19.204202
65 75 86
0.614868 -0.340183 17.754339
130 129 124
0.506493 -2.860782 19.759791
92 91 93
0.436212 0.123428 17.380611
120 112 105
0.016414 -2.385654 19.067770
46 62 78
-0.069031 -2.367867 19.057993
111 138 164
-0.041501 0.483938 16.654796
72 76 82
-0.045035 -0.971762 17.265520
39 42 44
-0.704825 -4.558742 21.570926
23 40 67
-0.125929 0.539036 16.458137
26 27 29
-0.218548 0.595655 16.593910
60 65 71
-0.343505 -2.984130 18.615152
15 24 39
-0.527212 -1.557761 17.891147
149 145 137
-0.569952 0.691316 16.853325
40 43 47
-0.648403 -0.978701 17.577958
185 193 199
-0.694239 -2.119058 17.859671
64 67 72
-1.086063 -3.380078 18.456044
119 162 195
-0.946772 -0.803611 16.920766
167 180 191
-0.933650 0.370742 16.424267
184 183 183
-1.291969 2.612607 16.183423
45 37 33
-1.361019 2.444943 16.128392
40 41 42
-1.454251 2.940640 16.038518
131 134 135
-2.662940 -4.507648 21.849134
9 47 97
-1.438866 -0.259218 15.805589
137 127 117
-1.952351 3.403216 15.084417
39 45 50
-2.057192 1.902848 15.263909
67 70 69
-3.265877 -3.034601 19.531300
136 155 174
-0.199636 -2.984816 18.620351
58 83 113
1.072298 -2.290695 20.376485
59 84 116
-1.130478 -3.588845 19.467587
110 141 172
1.885881 2.467280 19.097231
67 65 65
-0.500650 2.524318 16.220746
62 66 70
-1.752409 -0.315629 15.654294
30 29 30
-1.832214 1.953112 15.257016
64 65 67
-2.097880 -0.282138 15.472199
31 30 30
-2.147766 2.145207 15.116862
150 139 127
3.339363 2.068540 22.927211
175 172 167
-1.053905 -3.867958 19.521828
122 160 194
-1.053905 -3.867958 19.521828
122 160 194
-1.836615 2.360041 15.173436
59 61 65
0.409487 -1.656445 19.070640
170 179 187
-1.095998 0.918218 16.500896
41 41 43
-1.095998 0.918218 16.500896
41 41 43
-1.777247 1.077541 15.478855
72 69 68
1.726369 3.107939 18.939910
21 20 22
-1.480040 2.041265 15.404087
141 137 133
-1.870004 3.353461 14.999153
39 44 52
-2.195963 2.592437 15.088474
35 44 53
-3.311732 -2.371860 19.470065
99 120 137
3.478272 1.575150 23.455611
155 143 134
0.579838 -1.965881 19.288261
71 83 94
-0.809524 0.382541 16.445805
138 133 129
-1.130240 -2.921236 18.116176
34 63 97
-1.493630 0.141946 15.507602
169 168 168
-2.829422 -3.166329 19.438882
102 113 122
4.114634 1.510913 24.131044
44 41 44
0.130669 -2.573316 19.076503
38 63 91
-0.715710 -0.682331 17.052399
129 129 127
-1.595837 -2.365296 18.240010
17 26 39
-3.204885 -2.672060 19.381604
124 169 201
-2.155565 2.428016 14.972662
106 96 89
-2.301839 2.517855 14.829940
41 46 52
4.728329 0.640214 29.387704
68 95 124
3.500550 3.603930 22.678687
66 65 67
3.635188 1.849365 23.628937
141 139 135
2.134150 1.068384 19.435320
172 172 168
1.277772 -2.579504 20.867959
14 26 40
0.395952 -2.428557 19.436733
163 181 198
-0.587666 -4.329948 21.588770
57 73 98
-1.718308 -0.776997 15.912097
122 143 163
-2.231115 1.718240 15.081662
148 148 147
-2.278901 0.973905 15.179606
62 73 87
-2.295653 1.644361 15.053863
96 96 100
-2.295653 1.644361 15.053863
96 96 100
-2.374038 0.584005 15.128798
57 50 46
3.260912 2.997791 15.762139
103 97 92
4.238768 3.851252 23.818206
60 57 61
3.833237 2.282068 23.223411
177 174 169
3.698585 4.337103 23.157765
106 98 92
3.598359 3.539539 22.978185
174 174 175
2.860706 -0.422684 22.270818
49 69 88
1.585330 3.083414 18.411284
160 160 162
1.477941 -0.141656 18.723769
164 166 167
1.086307 -0.481498 18.341264
166 155 137
-0.956389 3.617498 15.761895
124 127 130
-1.348038 -3.114512 18.482719
101 149 193
-1.652504 3.501490 14.707440
35 41 44
-1.903145 -0.533782 15.526181
100 95 90
-2.015235 -0.043750 15.719825
123 114 104
-2.329468 -0.742419 15.481437
125 134 145
4.848104 0.549066 28.884442
217 245 255
4.304618 1.277656 24.487910
162 163 162
3.729366 2.342068 23.068845
41 40 40
2.926904 2.123879 21.401262
146 145 142
1.369486 -1.418268 20.383431
146 153 160
-0.591762 -2.010473 17.860731
155 161 169
-0.512894 -0.223572 16.712676
55 55 56
-0.678201 0.592435 16.639148
14 16 19
-1.398160 2.971377 15.960049
58 58 57
-2.038975 2.430648 15.163417
112 102 95
-3.005611 -2.062475 19.110424
57 65 73
-2.537907 -1.205569 16.128246
17 28 41
-2.324578 2.160433 14.759886
161 160 159
4.447289 3.135608 24.162085
137 136 132
4.488159 2.598863 24.413688
46 43 45
3.762714 4.472900 23.341648
29 27 26
3.762714 4.472900 23.341648
29 27 26
3.835911 0.950760 23.540453
38 39 45
3.929243 0.797464 24.548445
116 164 209
3.061743 1.721696 21.785774
33 30 31
2.977749 1.596760 21.686206
77 77 81
2.008189 2.852393 19.420574
159 157 152
1.634409 4.332026 18.024721
160 161 163
1.603944 1.090397 18.777914
32 34 38
1.187455 1.429624 19.408192
89 80 74
1.135521 -2.178716 20.641785
145 159 172
1.081658 -2.232469 20.615522
18 28 43
0.862632 -0.304597 18.076114
156 145 131
0.578836 0.790751 17.434552
27 27 29
0.539459 -2.587831 19.886191
199 215 227
0.614293 -0.001613 17.267358
152 151 149
0.522680 -2.206276 19.676548
123 127 129
0.238936 2.280876 17.078863
74 71 72
-0.467137 -2.564785 18.696740
124 141 159
-0.529041 -2.442324 18.403874
97 117 139
-0.684414 -2.285369 18.193097
108 128 150
-0.778988 -3.231849 18.659444
157 185 218
-1.016048 -2.110870 17.443295
94 120 145
-1.156143 -2.385219 17.923354
59 86 114
-1.220724 -2.199443 17.722250
59 81 106
-1.292674 -2.363516 18.012798
57 82 111
-1.395147 3.291930 15.879290
62 62 60
-1.545042 -3.049718 18.353122
15 22 36
-1.570979 -1.314733 15.990621
53 56 59
-1.606557 -1.048250 15.967270
136 136 138
-1.608507 -1.049474 15.973901
134 134 136
-1.573512 -0.257504 15.625962
33 31 31
-1.587107 0.017603 15.564316
50 49 50
-1.587107 0.017603 15.564316
50 49 50
-1.733376 3.552973 14.779868
77 81 88
-1.919354 -0.725262 15.971606
122 133 144
-2.076998 1.034789 15.461653
70 73 75
-1.977720 -0.479154 15.425322
175 174 174
-3.216123 -3.122835 19.546602
37 47 64
-2.258952 1.665648 15.190300
158 159 157
-2.258952 1.665648 15.190300
158 159 157
-2.316803 1.651672 14.877616
163 160 158
-2.403781 2.642101 14.555932
151 143 137
3.889933 2.245701 19.048010
135 127 120
3.480085 2.883117 15.805924
157 158 160
4.164426 3.855719 23.765881
170 169 169
4.404412 1.125463 24.409199
58 56 64
4.196733 2.528813 23.763891
116 115 117
3.912904 3.775404 23.552787
155 155 153
3.746139 5.288125 23.141149
63 69 76
3.936939 2.498824 23.664173
170 170 166
3.780006 3.831747 23.413030
148 140 130
3.874152 1.094853 23.698608
60 64 68
3.874152 1.094853 23.698608
60 64 68
2.221096 1.152475 19.638516
62 61 63
1.506160 0.937757 18.640479
56 56 57
1.574969 -1.335902 20.655028
146 157 169
1.118953 3.489359 19.084532
45 40 37
1.410799 -2.227502 21.027219
139 161 179
1.394419 -2.353635 21.162572
162 188 210
1.354515 -2.308442 21.072992
66 79 95
0.991441 -1.769095 19.956745
120 131 140
0.955009 -0.042580 17.829290
131 132 133
0.863057 -1.751561 19.598711
34 39 48
0.735494 -2.067519 19.876835
153 159 164
0.719034 -1.650084 19.410776
128 138 146
0.718286 -1.651014 19.418932
125 135 143
0.720271 0.021180 17.412065
192 191 185
0.428830 -0.418755 17.120370
185 188 189
0.054437 -1.848147 18.589401
158 157 156
-0.001921 2.455110 16.285388
20 18 18
-0.307782 -2.580496 18.742432
41 51 69
-0.659867 -4.532597 21.753425
43 58 80
-0.495531 -2.730443 18.544072
25 41 56
-0.659636 -0.717801 17.499821
143 155 165
-0.850421 -1.497595 17.102416
34 52 64
-1.296838 -2.895347 18.282258
78 111 147
-1.394111 -2.923904 18.397207
81 114 152
-1.379719 1.033892 16.362214
153 140 130
-1.562202 3.545774 14.768148
121 122 126
-1.568371 -1.444171 16.022722
21 31 41
-1.540143 -0.571454 15.400607
47 51 57
-1.675091 -0.457805 15.527357
110 112 112
-2.031158 -0.715747 15.995456
40 54 71
-2.889244 -2.023421 18.966760
101 120 140
-2.027591 1.732205 15.255948
133 131 129
-3.246250 -3.363809 19.665680
34 47 65
-2.169476 -0.881271 15.819884
25 37 50
-2.161055 -0.877618 15.790435
25 36 50
-2.131876 0.509554 15.360252
30 28 27
-3.273363 -3.488232 19.724096
33 45 58
-2.297221 1.794794 14.872517
142 133 121
-2.279586 -0.381289 15.302096
105 93 86
-2.336121 1.807038 14.799813
63 63 63
-2.355980 2.196925 14.633674
76 81 86
4.439765 1.520660 24.076839
32 30 32
4.173772 4.237815 23.373433
90 93 101
4.221507 4.313500 23.841519
96 97 102
4.262647 3.928255 23.984680
74 72 74
3.684019 2.372154 23.667620
164 161 153
3.854194 2.504437 23.348499
52 50 51
4.003979 1.155607 24.143829
52 51 54
3.961699 0.934717 23.838027
65 62 63
2.174651 4.487348 18.758699
74 85 96
1.964375 0.397502 19.067547
198 197 195
1.800980 -1.219956 20.942189
117 119 123
1.799308 -1.226841 21.025472
108 112 117
1.443428 -0.213699 18.684441
94 87 82
0.963769 -0.460590 18.216560
161 151 134
0.783866 -1.780500 19.548657
35 49 63
0.711671 0.856953 17.584278
170 173 176
0.711671 0.856953 17.584278
170 173 176
0.002684 0.634079 16.635102
120 122 123
-0.055262 -0.693041 17.137068
49 53 58
-0.708916 -4.568536 21.608983
20 38 64
-0.339904 0.405729 16.660897
84 87 89
-0.285895 -0.235586 16.551666
45 44 45
-0.285895 -0.235586 16.551666
45 44 45
-0.491852 -2.934878 18.547059
61 82 105
-0.970030 -4.494642 21.247595
27 43 62
-0.505383 -0.612970 17.115573
37 43 48
-0.558825 -0.391410 17.096947
116 126 134
-0.648237 0.410069 16.775089
131 131 127
-0.734123 -1.571264 17.584521
82 79 77
-0.994772 -0.669473 16.631555
17 22 28
-1.040490 -0.683010 16.559869
20 24 29
-1.106954 -0.578232 16.545741
23 32 42
-1.383368 -0.591775 16.037677
94 94 96
-1.431521 -0.257871 15.772355
134 124 114
-1.577258 -1.148700 16.015751
31 35 41
-1.577258 -1.148700 16.015751
31 35 41
-1.546590 -0.709657 15.765184
159 162 167
-1.947965 3.400233 15.068989
39 45 51
-2.793444 -2.595760 19.277856
102 115 125
-2.634814 -1.659116 18.480342
76 81 83
-1.985311 -0.738838 15.949410
123 129 135
-3.183602 -3.444829 19.604556
70 86 103
-3.439986 -3.509742 19.858689
66 75 83
-2.280340 1.021134 15.316930
46 53 63
-2.261044 -0.150866 15.393509
75 76 76
-2.328325 1.830262 14.914894
79 69 64
-2.328325 1.830262 14.914894
79 69 64
-2.447988 -0.794429 15.294994
154 161 168
-2.454409 3.075962 14.430565
103 101 98
0.052027 -2.311409 19.136595
28 32 35
-0.469050 0.696802 16.543174
16 18 22
-0.578349 -1.138554 17.242459
177 177 173
-0.577564 -1.143958 17.248952
180 180 177
-1.458838 2.432023 14.963818
136 128 120
-1.823932 1.957657 15.215613
63 63 64
4.469292 0.312734 27.244965
218 246 255
4.469292 0.312734 27.244965
218 246 255
3.195390 3.781168 22.200760
166 165 161
2.622247 1.661826 20.756556
23 24 28
-1.268892 -1.165321 17.306786
98 113 125
4.030929 4.095163 23.694596
174 173 172
3.646832 4.331942 22.834102
107 98 92
3.646832 4.331942 22.834102
107 98 92
3.662101 3.697004 23.186820
124 111 100
3.676371 3.719755 23.327866
122 110 99
-0.186838 2.580854 16.362400
116 123 130
3.526984 1.875185 16.013588
109 107 105
4.467943 2.687954 24.466751
95 91 85
3.034878 3.194322 13.287105
145 143 146
4.074273 3.640787 24.020184
173 171 164
2.572170 4.343449 20.700143
70 67 67
1.665168 -0.244815 18.847422
72 68 65
1.664516 -0.241867 18.864949
58 54 52
-0.815779 -1.947351 17.165933
124 123 120
-1.122394 2.352866 16.181380
42 42 44
-2.579490 -4.618100 22.031453
41 58 82
-1.864955 3.347554 14.979600
39 44 51
3.312070 3.656136 22.797354
173 173 171
3.312070 3.656136 22.797354
173 173 171
2.819641 4.594909 21.131692
99 99 100
1.547587 2.420099 18.828144
125 123 122
1.220716 3.679087 18.737485
11 14 19
0.054993 2.541607 16.438843
21 19 21
-0.047577 -0.539759 16.728181
165 169 174
-0.075543 0.404203 16.490717
124 123 121
-0.492236 -4.057807 21.785371
55 74 99
-1.484666 2.532093 15.178407
166 163 157
-3.028707 -1.898897 19.036639
115 139 158
-3.207731 -2.965027 19.577066
140 178 209
5.128491 0.468118 29.611832
37 43 61
3.724616 1.622967 23.504667
55 54 54
-1.227170 -0.534800 16.423177
74 77 79
-1.334392 2.075803 16.113967
68 69 70
3.489732 5.278273 22.338690
80 74 73
3.366504 0.814083 23.076940
177 179 182
1.188375 -1.794560 20.665742
14 23 34
0.911234 -1.553239 19.705883
172 177 183
-0.478152 -4.305978 21.874466
216 245 255
-0.807464 -1.646542 17.461714
148 138 127
-1.280585 -0.323142 15.833489
30 29 33
-1.524288 -0.812943 15.820149
177 179 182
-2.172399 1.001603 15.380832
45 59 74
-2.204874 2.657666 15.000163
45 57 69
-3.236396 -3.174595 19.637590
72 92 110
-3.316796 -2.938222 19.636611
101 142 174
4.186939 0.856770 25.718021
23 32 47
3.372478 0.628097 23.888886
34 41 56
3.055073 0.283080 23.274941
65 88 118
2.842104 -0.405533 21.900796
40 59 80
1.291475 -2.381821 20.840553
19 26 41
0.495996 3.983422 16.574143
76 79 82
0.662471 -0.206112 17.673133
54 50 44
-0.382787 -2.448104 18.710340
127 142 158
-0.415914 -1.538024 17.887618
155 155 156
-1.624642 -3.118329 18.393724
9 16 24
-1.471983 2.385898 15.199507
153 145 139
-2.821405 -2.509524 19.300747
99 113 128
-2.108887 -0.597501 15.217235
102 94 85
-2.324343 -0.576665 15.054592
145 140 138
-2.441945 -0.968337 15.376284
166 167 168
5.175337 1.302451 25.782972
79 76 76
3.149702 5.048139 21.736151
166 166 164
1.527156 -2.468879 21.474398
214 252 255
1.116326 -1.071269 19.900041
153 142 132
0.637878 -2.798286 19.953185
63 82 105
0.066351 -1.799511 18.637116
156 154 152
0.064902 0.610566 16.688577
19 20 22
-0.070294 -1.870611 18.646763
98 108 120
-0.188862 -1.245838 17.309752
133 122 110
-0.406864 -2.548782 18.733237
23 40 60
-0.406864 -2.548782 18.733237
23 40 60
-0.817915 0.438428 16.384886
143 142 140
-0.912443 -1.548445 17.177820
162 161 155
-0.912443 -1.548445 17.177820
162 161 155
-1.447886 -4.605136 20.937693
105 128 152
-1.411904 -2.833467 18.281188
20 30 45
-1.487178 -2.457459 18.209528
19 29 45
-1.392513 1.085501 16.440547
40 34 31
-1.560973 -2.258708 18.226531
63 95 128
-2.122359 2.389969 14.973001
125 112 103
-2.180542 -0.300370 15.410178
31 28 29
-2.430512 -0.329991 15.224729
154 144 129
5.118488 1.377915 25.887381
144 145 145
5.040925 1.509513 25.762209
157 160 161
5.521327 0.936641 29.055354
91 89 94
4.208321 5.317195 23.494661
115 110 109
4.610801 1.373142 25.291986
167 169 171
4.428936 1.161548 25.125778
124 122 116
3.647484 4.800116 23.414147
141 146 145
3.843260 0.952802 23.607994
38 39 43
3.843260 0.952802 23.607994
38 39 43
3.387283 5.229581 22.184462
164 167 168
3.572919 1.678995 23.621802
161 156 151
3.577896 1.683851 23.678222
161 156 150
2.795910 0.009300 21.695916
61 70 80
1.888608 2.816458 19.403844
46 44 44
2.025782 0.420439 19.099588
167 166 162
2.080631 -0.592382 20.159310
25 42 57
1.715787 -1.325189 20.985543
130 141 150
1.142940 3.593766 19.055955
110 96 82
1.249238 0.126637 18.261690
53 55 58
1.322513 -1.744473 20.703676
135 148 161
0.877528 -3.282378 21.769321
208 247 255
0.713126 -1.546950 19.309702
39 45 53
0.568803 -2.134546 19.658547
39 48 56
0.364635 -2.322088 19.342578
21 27 35
0.281870 -1.703955 18.921471
157 157 158
-0.055075 -0.620097 16.978911
185 188 192
-0.102687 0.467715 16.461490
163 165 166
-0.137614 -0.007615 16.587834
32 32 33
-0.151748 -0.701046 16.920882
23 28 35
-0.338374 -2.520509 18.710818
131 141 155
-0.442026 2.377722 16.456319
74 82 92
-0.532335 0.498949 16.651016
23 27 31
-0.760105 -0.960102 17.255845
162 167 172
-0.877309 3.814188 15.576839
132 129 127
-0.890261 -2.186588 17.613728
46 51 55
-0.937930 -2.622693 17.927075
155 175 195
-0.928642 -2.494511 17.853932
132 152 170
-0.937505 -0.933560 16.903141
25 29 33
-1.158567 -2.387981 17.941442
59 84 112
-1.163969 -2.126663 17.609359
16 33 47
-1.347285 3.791181 15.780860
72 76 80
-1.433900 -2.650252 18.213190
53 74 99
-1.752264 -2.606300 18.471451
63 85 109
-2.649060 -2.009584 18.943417
32 48 64
-2.664577 -1.887651 18.771994
87 109 135
-2.083693 0.863102 15.491521
31 29 28
-2.098942 1.753307 15.321978
70 80 91
-3.153706 -2.797588 19.464785
129 169 198
-2.435920 2.615223 14.484746
105 97 87
-2.665098 -0.872838 15.203639
139 149 162
-2.650230 -1.027223 15.180915
160 159 157
-2.650230 -1.027223 15.180915
160 159 157
4.983518 1.275900 25.870313
175 178 180
4.780895 1.506746 24.928513
76 70 64
4.421552 2.951885 24.155785
59 67 81
3.512473 4.181319 22.574353
124 117 113
2.744352 -0.296259 22.251573
53 75 102
2.473341 1.216563 19.893762
96 95 96
1.784846 1.007280 18.990943
92 88 84
1.521461 -1.880618 21.222622
150 168 184
1.120231 3.490311 19.092766
45 40 37
1.203242 -2.492698 20.798851
20 33 49
1.144049 -1.920801 20.522838
88 108 129
0.284887 -2.544056 19.363286
41 65 79
-0.098923 -2.240099 19.008174
132 161 189
-0.119820 0.313092 16.538384
174 174 172
-0.329201 -2.391296 18.731641
131 146 162
-0.373397 -2.850686 18.641271
19 25 35
-0.531049 -2.730697 18.429499
129 135 147
-0.574327 -1.615401 17.844681
134 121 109
-0.713193 -2.119226 17.764075
51 54 59
-0.713193 -2.119226 17.764075
51 54 59
-0.750850 -2.265394 18.053097
58 67 83
-0.783120 -2.418849 18.082043
139 156 172
-0.782600 -2.418250 18.078792
140 157 173
-0.768436 -2.152809 17.851521
51 55 60
-0.768436 -2.152809 17.851521
51 55 60
-0.747595 -1.162199 17.017208
67 66 66
-0.923285 -3.057520 18.218128
150 181 205
-0.921218 -3.056801 18.210911
151 181 207
-0.949038 -2.857225 18.004562
170 186 202
-0.959492 -2.866572 18.060185
170 186 204
-0.898271 -1.396947 17.046813
37 55 73
-0.906658 -1.894566 17.140508
185 184 183
-1.224308 -0.384854 17.864769
184 180 176
-0.951558 -1.933431 17.139321
34 41 47
-0.961349 -0.304299 16.092739
185 180 175
-1.299442 -2.899883 18.300617
73 103 138
-1.337682 1.335509 16.373149
162 151 138
-1.507179 -3.004970 18.368292
85 106 131
-1.561626 -1.402929 17.763615
16 23 30
-1.561626 -1.402929 17.763615
16 23 30
-1.296305 -0.180320 16.009391
69 59 51
-1.428285 -0.219506 15.922232
85 78 65
-1.571801 -0.219602 15.724894
150 133 118
-1.564907 -1.442382 16.002097
21 32 42
-1.778733 0.538624 15.658450
18 19 22
-1.708597 -0.447274 15.506165
96 95 94
-2.552089 -1.923194 18.678421
63 84 107
-1.978309 0.030059 15.735470
55 55 54
-1.976320 0.030105 15.727928
56 56 55
-2.777853 -3.210680 19.539087
112 124 134
-2.791752 -1.817052 18.837563
31 48 66
-2.109759 -0.740957 15.827653
33 43 55
-2.340741 -0.965918 15.466635
104 102 98
-2.381335 -0.597206 15.017171
182 178 173
-2.583717 -0.804849 15.027616
66 83 99
-2.583717 -0.804849 15.027616
66 83 99
4.988120 4.046474 25.343095
168 168 169
4.982848 2.754748 25.196138
171 169 168
5.295049 0.320923 29.250000
214 240 253
4.289949 1.177025 25.073692
133 133 132
3.852612 2.503760 23.335554
51 48 48
3.545890 1.553261 23.090335
152 140 129
1.313621 -1.650715 20.700606
93 113 136
1.089087 -1.102578 19.878904
145 134 124
0.860940 2.609657 17.813801
149 151 152
0.878044 -1.056551 19.795955
173 165 159
0.503533 -0.245550 17.620032
38 35 37
0.409431 0.114581 17.253652
113 103 94
0.322630 -2.079133 19.150296
150 162 172
0.198984 -1.390481 18.860780
154 144 132
0.080556 -2.169389 19.063469
75 88 98
-0.022377 -1.351771 18.491875
82 72 63
0.009274 0.495648 16.630992
45 44 48
-0.121555 0.378048 16.499032
166 168 168
-0.538298 -4.340076 21.525751
48 69 93
-0.349457 -2.998932 18.677904
13 20 37
-0.707072 -4.211005 21.170983
151 181 207
-0.870448 -4.515041 21.469136
115 132 154
-0.579039 -2.306397 18.316758
93 107 123
-0.985360 -4.530148 21.370795
21 38 59
-0.658854 -2.111766 17.934134
56 60 64
-0.700691 -1.973920 17.685493
100 103 107
-0.840707 -2.660179 18.144105
44 57 72
-0.837510 -0.632631 16.695744
172 165 161
-0.968559 -2.334242 17.831439
41 60 81
-0.968559 -2.334242 17.831439
41 60 81
-0.940987 -1.730805 17.303979
119 111 105
-0.998449 -0.670758 16.648074
13 20 27
-1.016541 -0.549715 16.691244
37 43 48
-1.050746 -0.560876 16.560229
30 34 37
-1.154112 0.252710 16.120292
171 168 165
-1.236506 0.229090 16.053020
168 163 156
-1.760259 -2.471253 18.424141
57 79 104
-1.551972 0.127209 15.504457
161 160 159
-1.584242 3.515418 14.630908
133 133 134
-1.915359 0.157470 15.769925
91 93 95
-2.493154 -1.689452 18.410399
78 80 81
-3.019409 -3.813953 19.400047
69 97 125
-3.400915 -2.634458 19.522463
58 70 85
-3.486437 -2.613485 19.683481
12 26 38
-2.332894 2.397881 14.689345
155 142 131
-2.337154 -0.399299 15.247167
115 106 100
-2.453675 -0.765690 15.195470
73 79 88
-2.589331 -0.890914 15.110519
86 95 104
-2.587639 -0.891464 15.106437
90 100 108
-2.688091 -1.413306 18.538624
32 47 63
-0.033355 2.280313 16.125383
137 132 128
-0.464651 0.693485 16.482962
16 18 21
0.077783 0.298433 16.451662
144 140 137
-1.173139 -3.808950 19.934260
108 149 188
1.888043 2.480089 19.112960
76 73 73
5.439184 0.662324 30.049456
40 45 59
-2.067026 -0.967191 16.800599
45 54 65
0.801586 2.830017 17.674569
21 21 22
3.814768 2.540951 24.317625
130 127 123
3.814768 2.540951 24.317625
130 127 123
5.468332 1.987390 26.857042
57 54 53
4.646237 1.748247 25.479763
77 70 67
4.646237 1.748247 25.479763
77 70 67
3.757380 1.495139 23.660205
77 72 70
-2.537190 -1.156318 16.191505
54 64 78
0.499521 -2.430082 19.648542
193 212 226
0.496285 -2.437459 19.708448
190 208 223
-0.420923 3.378481 16.005633
28 31 37
4.513346 4.796243 24.557544
75 78 80
4.513346 4.796243 24.557544
75 78 80
-1.213529 2.193022 16.047001
140 136 134
3.351294 2.569313 23.319943
173 172 172
3.302053 2.513696 22.810512
175 175 174
3.060582 1.893637 21.522877
174 169 161
5.802418 1.677690 27.496826
171 174 173
5.994412 1.371797 29.052349
23 43 64
